INSERT INTO enseignant (id_personnel, id_filiere, id_département) VALUES
(1, 1, 1),
(2, 1, 1),
(3, 1, 1),
(4, 1, 1),
(5, 7, 1),
(6, 2, 4),
(7, 2, 4),
(8, 2, 4),
(9, 3, 2),
(10, 3, 2),
(11, 4, 2),
(12, 5, 1),
(13, 6, 3),
(14, 6, 3),
(15, 6, 3),
(16, 6, 3),
(17, 6, 3),
(18, 7, 1),
(19, 7, 1),
(20, 7, 1),
(21, 1, 1),
(22, 1, 1),
(23, 1, 1),
(24, 1, 1),
(25, 1, 1),
(26, 1, 1),
(27, 7, 1),
(28, 1, 1),
(29, 2, 4),
(30, 2, 4),
(31, 8, 1),
(32, 8, 1),
(33, 7, 1),
(34, 1, 1),
(35, 1, 1),
(36, 1, 1),
(37, 1, 1),
(38, 8, 1),
(39, 9, 2),
(40, 9, 2),
(41, 9, 2),
(42, 9, 2),
(43, 9, 2),
(44, 9, 2),
(45, 9, 2),
(46, 10, 2),
(47, 10, 2),
(48, 10, 2),
(49, 10, 2),
(50, 10, 2),
(51, 10, 2),
(52, 10, 2),
(53, 10, 2),
(54, 10, 2),
(55, 10, 2),
(56, 11, 2),
(57, 11, 2),
(58, 11, 2),
(59, 11, 2),
(60, 11, 2);
